1호선 3 67 3.158699838
1호선 151 3 2.223253493
1호선 89 151 1.669432582
1호선 299 89 3.107356223
1호선 57 299 2.388793672
1호선 391 57 3.00845051
1호선 199 391 2.826612287
1호선 88 199 2.007400007
1호선 81 88 2.744026008
1호선 126 81 1.33362308
1호선 471 126 3.369219738
1호선 308 471 3.91536679
1호선 590 308 3.206489851
1호선 334 590 2.826530401
1호선 313 334 3.377246843
1호선 230 313 5.838955072
1호선 314 230 3.110684082
1호선 434 314 3.520629915
1호선 433 434 3.341186447
1호선 533 433 5.263729838
1호선 327 533 4.938191015
1호선 293 327 2.765799903
1호선 528 293 5.78509708
1호선 569 528 4.375816211
1호선 312 569 11.75892064
1호선 532 312 6.823471499
1호선 169 532 5.335546536
1호선 537 169 3.416417496
1호선 237 537 1.794226102
1호선 382 237 1.970732646
1호선 383 382 1.977136758
1호선 559 383 6.286511581
1호선 221 559 0.02750402645
1호선 438 221 5.742983964
1호선 373 438 6.208984591
1호선 358 67 1.719946387
1호선 422 358 2.694738804
1호선 350 422 1.426193143
1호선 131 350 1.516249158
1호선 112 131 2.354986274
1호선 448 112 4.328786085
1호선 106 448 2.282326209
1호선 289 106 2.518077246
1호선 343 289 1.971225352
1호선 510 343 1.314440667
1호선 511 510 1.32462116
1호선 512 511 1.472330793
1호선 154 512 1.156950655
1호선 160 154 1.001335467
1호선 365 160 1.356977576
1호선 508 365 1.522745734
1호선 545 508 1.785601688
1호선 593 545 2.321637077
1호선 443 593 1.498089194
1호선 369 443 1.199604277
1호선 296 369 2.396449065
1호선 63 296 1.729154837
1호선 461 63 1.8191476
1호선 117 461 2.403698636
1호선 534 117 1.626098087
1호선 219 534 2.689929865
1호선 144 219 2.23091291
1호선 145 144 1.799173583
1호선 189 145 3.800856642
1호선 594 189 2.753060579
1호선 472 594 2.504386329
1호선 1 472 1.889963031
1호선 116 1 2.010488156
1호선 404 116 2.786881965
1호선 138 404 8.307199551
1호선 140 138 4.605488572
1호선 531 140 9.093282986
1호선 158 531 1.763695536
1호선 233 158 2.180845803
1호선 157 233 2.637425711
1호선 320 157 3.835667318
1호선 75 67 2.002342345
1호선 25 75 1.815393425
1호선 429 25 1.946951871
1호선 437 429 3.24058288
1호선 416 437 2.173353076
1호선 318 416 2.391046317
1호선 243 318 1.880414725
1호선 520 243 2.650065414
1호선 323 520 1.645904985
1호선 241 323 1.844893656
1호선 246 241 2.38958859
1호선 225 246 2.721730479
1호선 163 225 2.365612145
1호선 12 163 1.771003517
1호선 514 12 2.085964651
1호선 148 514 1.658854758
1호선 509 148 1.760889912
1호선 147 509 2.065215566
1호선 165 147 1.919061627
1호선 481 165 2.335100873
1호선 61 89 7.401339044
1호선 286 230 2.771580087
2호선 468 343 0.9351778939
2호선 466 468 1.512998272
2호선 467 466 1.012471254
2호선 155 467 1.63964065
2호선 355 155 1.623793841
2호선 275 355 1.905881329
2호선 442 275 1.481132262
2호선 578 442 1.606305329
2호선 174 578 1.766930356
2호선 310 174 1.497293079
2호선 30 310 2.455744467
2호선 74 30 2.658906032
2호선 22 74 1.48360186
2호선 495 22 3.30006407
2호선 494 495 1.415227411
2호선 496 494 2.657851076
2호선 513 496 2.04353765
2호선 263 513 1.763099899
2호선 302 263 2.470786213
2호선 417 302 2.193835426
2호선 16 417 1.558988626
2호선 66 16 2.383449116
2호선 294 66 1.051022506
2호선 217 294 2.728760947
2호선 254 217 2.779929326
2호선 100 254 2.932133233
2호선 291 100 1.992330364
2호선 239 291 1.781670951
2호선 360 239 2.019120498
2호선 356 360 2.780143135
2호선 68 356 1.965937485
2호선 129 68 1.825611118
2호선 358 129 3.316283339
2호선 205 358 1.972559856
2호선 423 205 1.457462771
2호선 125 423 2.189290877
2호선 580 125 3.61441858
2호선 585 580 2.471161297
2호선 375 585 1.920406804
2호선 475 375 1.519978906
2호선 387 475 1.652906248
2호선 555 387 1.338969747
2호선 445 365 2.131611418
2호선 354 445 1.591681692
2호선 444 354 1.818237983
2호선 310 444 3.650117688
2호선 143 358 1.797586607
2호선 405 143 2.786828837
2호선 371 405 2.626605948
2호선 98 371 2.605868959
3호선 516 136 2.441969792
3호선 504 516 2.79473107
3호선 178 504 1.572765557
3호선 223 178 2.39135266
3호선 127 223 4.245560155
3호선 592 127 3.410516685
3호선 456 592 4.014469099
3호선 460 456 4.628230102
3호선 265 460 3.59170831
3호선 529 265 3.023413292
3호선 76 529 2.34002036
3호선 420 76 3.501736595
3호선 252 420 2.169621154
3호선 114 252 2.082752214
3호선 586 114 2.637364939
3호선 204 586 1.673888658
3호선 149 204 1.908938423
3호선 38 149 2.46539906
3호선 388 38 1.85790123
3호선 511 388 1.375615255
3호선 466 511 1.042429656
3호선 554 466 1.057607147
3호선 156 554 1.812783061
3호선 398 156 1.213520647
3호선 91 398 1.479751759
3호선 436 91 1.478305817
3호선 393 436 3.13081498
3호선 364 393 2.475224888
3호선 497 364 1.551845666
3호선 46 497 1.840468084
3호선 66 46 2.649969955
3호선 104 66 1.68099547
3호선 401 104 2.876470006
3호선 192 401 1.968119659
3호선 141 192 1.544900345
3호선 135 141 1.482111528
3호선 573 135 1.15467785
3호선 134 573 1.522483664
3호선 491 134 2.072356981
3호선 333 491 2.817794756
3호선 2 333 2.739428211
3호선 41 2 1.186513069
3호선 428 41 1.345395605
4호선 269 124 1.923708806
4호선 113 269 2.08933734
4호선 534 113 2.03921234
4호선 381 534 2.093408819
4호선 336 381 2.367867006
4호선 210 336 2.115464205
4호선 211 210 2.5572252
4호선 94 211 1.978940415
4호선 311 94 2.37431688
4호선 577 311 1.687393831
4호선 583 577 1.307571935
4호선 154 583 2.3386039
4호선 155 154 1.198745847
4호선 554 155 2.132322879
4호선 196 554 1.172799776
4호선 595 196 1.275918396
4호선 289 595 1.103652824
4호선 339 289 1.875862536
4호선 260 339 1.82400557
4호선 367 260 1.2948103
4호선 478 367 1.59596709
4호선 166 478 3.660535538
4호선 551 166 3.129982502
4호선 254 551 1.809259925
4호선 108 254 2.596015736
4호선 303 108 2.985584645
4호선 37 303 1.665382597
4호선 128 37 1.538918341
4호선 56 128 1.54954526
4호선 505 56 1.570362792
4호선 480 505 5.023265228
4호선 568 480 2.326368554
4호선 227 568 2.103609727
4호선 88 227 3.442346257
4호선 257 88 3.022364111
4호선 331 257 1.934930577
4호선 133 331 4.138385229
4호선 213 133 3.645370461
4호선 272 213 5.747051598
4호선 576 272 2.315505429
4호선 522 576 2.485579408
4호선 47 522 2.270092895
4호선 550 47 2.661021049
4호선 389 550 2.833331082
4호선 351 389 3.939087984
4호선 506 351 4.20904069
4호선 435 506 2.072455649
5호선 28 220 1.483997191
5호선 97 28 2.201472279
5호선 326 97 1.789014325
5호선 176 326 2.195525275
5호선 216 176 2.008753804
5호선 449 216 2.023532552
5호선 588 449 1.629781694
5호선 98 588 2.235279381
5호선 370 98 2.073908073
5호선 202 370 1.435232042
5호선 431 202 1.694273237
5호선 407 431 1.735975117
5호선 423 407 1.656892161
5호선 424 423 1.563816159
5호선 350 424 2.258593571
5호선 414 350 1.46555432
5호선 413 414 1.80368631
5호선 184 413 3.315180313
5호선 52 184 1.292498729
5호선 395 52 2.162065027
5호선 555 395 1.692561356
5호선 285 555 1.280925007
5호선 64 285 1.94972567
5호선 511 64 2.458088476
5호선 467 511 1.395379578
5호선 155 467 1.634611077
5호선 542 155 1.388747862
5호선 349 542 1.572321717
5호선 581 349 1.58851731
5호선 442 581 1.592616535
5호선 181 442 1.263440549
5호선 123 181 1.584008776
5호선 501 123 2.217585055
5호선 80 501 2.576581948
5호선 386 80 1.99584544
5호선 60 386 2.593985167
5호선 539 60 3.539944315
5호선 19 539 1.540006568
5호선 93 19 1.287378613
5호선 84 93 1.637454955
5호선 197 84 1.220213404
5호선 44 197 1.807157822
5호선 277 44 2.020413888
5호선 171 19 1.750630049
5호선 439 171 2.551624091
5호선 218 439 1.664176283
5호선 428 218 1.407214887
5호선 24 428 1.372804087
5호선 29 24 1.825076639
5호선 183 29 1.453516122
6호선 418 470 2.049727252
6호선 252 418 1.579537516
6호선 150 252 1.836006062
6호선 420 150 2.093337328
6호선 72 420 1.794862772
6호선 281 72 4.484226762
6호선 525 281 1.739762317
6호선 173 525 2.187774849
6호선 464 173 1.588492663
6호선 185 464 1.496218807
6호선 188 185 2.003596084
6호선 580 188 1.590304435
6호선 274 580 1.631267369
6호선 65 274 1.591491738
6호선 137 65 1.754513601
6호선 52 137 1.850373955
6호선 597 52 1.993353569
6호선 260 597 2.270581238
6호선 115 260 2.364206494
6호선 479 115 1.324430383
6호선 574 479 1.715346752
6호선 226 574 2.060029684
6호선 398 226 1.523214757
6호선 542 398 1.408542814
6호선 355 542 1.435898999
6호선 160 355 1.480366947
6호선 535 160 1.55740072
6호선 232 535 1.42905287
6호선 390 232 1.687578417
6호선 45 390 1.572164145
6호선 462 45 2.669698202
6호선 276 462 1.553849296
6호선 153 276 1.654951677
6호선 296 153 1.886514704
6호선 560 296 1.755711645
6호선 589 560 1.724894296
6호선 240 589 1.316705367
7호선 145 499 2.59255853
7호선 330 145 2.894051674
7호선 179 330 2.78924299
7호선 113 179 2.189213545
7호선 518 113 2.308897484
7호선 571 518 1.867441741
7호선 53 571 2.416027321
7호선 560 53 1.701296575
7호선 194 560 1.631562152
7호선 523 194 1.74981074
7호선 273 523 1.644015849
7호선 195 273 1.716061322
7호선 253 195 1.651537813
7호선 446 253 1.577752484
7호선 519 446 1.701227412
7호선 80 519 2.048946099
7호선 410 80 2.116013258
7호선 30 410 1.736122177
7호선 175 30 2.046429619
7호선 543 175 3.450468832
7호선 17 543 2.099404538
7호선 572 17 1.750452366
7호선 118 572 1.861925416
7호선 214 118 1.757498222
7호선 46 214 1.357509251
7호선 110 46 4.156167659
7호선 551 110 1.976619331
7호선 105 551 1.856486628
7호선 340 105 3.836727187
7호선 270 340 1.767235222
7호선 498 270 1.550120873
7호선 357 498 2.15347465
7호선 231 357 1.33183787
7호선 378 231 1.781433
7호선 129 378 2.838431562
7호선 101 129 2.07145817
7호선 3 101 1.352288766
7호선 540 3 2.67403056
7호선 62 540 2.315456955
7호선 538 62 3.164640101
7호선 437 538 2.86445423
7호선 99 437 3.654619028
7호선 245 99 2.314026168
7호선 552 245 1.785505931
7호선 372 552 1.883440841
7호선 244 372 2.134169031
7호선 271 244 1.790425515
7호선 262 271 1.858897608
7호선 83 262 1.84857796
7호선 247 83 1.842764207
8호선 539 392 2.420953163
8호선 20 539 1.665751421
8호선 203 20 2.861972223
8호선 494 203 1.731043347
8호선 301 494 1.843729796
8호선 328 301 1.39777244
8호선 2 328 1.710006412
8호선 207 2 1.480189316
8호선 500 207 1.52996468
8호선 236 500 1.71517026
8호선 258 236 4.459701333
8호선 109 258 1.909895735
8호선 120 109 1.335200316
8호선 380 120 1.691000511
8호선 338 380 1.278247639
8호선 200 338 2.10831556
9호선 97 27 4.191950437
9호선 54 97 1.984550195
9호선 363 54 1.550790749
9호선 177 363 2.623317107
9호선 406 177 2.422122341
9호선 4 406 3.215737903
9호선 524 4 1.834224297
9호선 172 524 1.897235024
9호선 421 172 2.103059123
9호선 361 421 1.79558451
9호선 305 361 2.663384501
9호선 125 305 2.011552986
9호선 79 125 3.558055049
9호선 414 79 2.101902737
9호선 282 414 1.409709996
9호선 112 282 2.961486554
9호선 111 112 2.218107822
9호선 598 111 2.381425957
9호선 166 598 3.506376176
9호선 71 166 1.68501722
9호선 362 71 1.826652846
9호선 46 362 1.870244381
9호선 256 46 2.105587886
9호선 353 256 1.997582271
9호선 412 353 1.92106356
9호선 306 412 2.194575797
9호선 264 306 2.03974579
9호선 238 264 1.45068374
9호선 513 238 2.849311359
경강선 476 565 1.339625864
경강선 261 476 6.016131561
경강선 35 261 3.96563904
경강선 549 35 4.408254602
경강선 51 549 4.371293433
경강선 359 51 5.646571026
경강선 477 359 5.865393027
경강선 242 477 3.797459838
경강선 315 242 7.198942938
경강선 415 315 4.679032488
경의중앙선 564 206 9.344301514
경의중앙선 465 564 4.521069322
경의중앙선 90 465 7.844016677
경의중앙선 87 90 3.929443651
경의중앙선 454 87 6.042255079
경의중앙선 396 454 3.379041113
경의중앙선 557 396 4.33053748
경의중앙선 490 557 3.267480964
경의중앙선 570 490 3.837399183
경의중앙선 222 570 3.675097176
경의중앙선 49 222 3.271588699
경의중앙선 127 49 3.749489719
경의중앙선 119 127 3.541054426
경의중앙선 582 119 2.964411167
경의중앙선 21 582 1.701805564
경의중앙선 591 21 5.216751651
경의중앙선 332 591 7.296913128
경의중앙선 173 332 1.414278309
경의중앙선 9 173 3.334216593
경의중앙선 585 9 3.253874324
경의중앙선 283 585 2.309134774
경의중앙선 52 283 3.511853206
경의중앙선 597 52 2.148863422
경의중앙선 448 597 2.30662551
경의중앙선 478 448 2.565706984
경의중앙선 288 478 2.737226445
경의중앙선 575 288 4.516620344
경의중앙선 436 575 3.132491896
경의중앙선 469 436 3.803118511
경의중앙선 442 469 2.805866115
경의중앙선 545 442 4.729654015
경의중앙선 593 545 2.980257525
경의중앙선 521 593 3.706205713
경의중앙선 273 521 1.705869969
경의중앙선 187 273 1.493451189
경의중앙선 400 187 3.430477001
경의중앙선 70 400 6.782750551
경의중앙선 142 70 3.483375947
경의중앙선 403 142 6.143896457
경의중앙선 139 403 5.231204
경의중앙선 146 139 3.098509858
경의중앙선 566 146 8.60918274
경의중앙선 450 566 12.531351
경의중앙선 399 450 4.111114741
경의중앙선 368 399 9.537245165
경의중앙선 77 368 5.435360638
경의중앙선 385 77 8.238903016
경의중앙선 432 385 6.045589347
경의중앙선 408 432 4.597951067
경의중앙선 457 408 11.84485592
경의중앙선 447 457 9.489842974
경의중앙선 530 447 6.559208177
경의중앙선 376 9 3.767204892
경의중앙선 290 376 3.579891983
경춘선 593 545 1.396067478
경춘선 521 593 1.736129586
경춘선 273 521 0.7990952346
경춘선 187 273 0.6995900919
경춘선 352 187 1.780531645
경춘선 14 352 2.561559705
경춘선 229 14 1.375218298
경춘선 563 229 1.655505152
경춘선 255 563 2.910075935
경춘선 86 255 3.109002099
경춘선 567 86 3.663248998
경춘선 536 567 3.643366343
경춘선 180 536 2.414847057
경춘선 132 180 6.865666577
경춘선 547 132 7.046826935
경춘선 278 547 4.576811572
경춘선 11 278 6.933325013
경춘선 82 11 4.546416055
경춘선 224 82 2.772620158
경춘선 23 224 4.806535409
경춘선 96 23 7.161658712
경춘선 107 96 5.114203516
경춘선 553 107 2.406420122
경춘선 273 63 3.64418176
공항철도 52 289 2.269581463
공항철도 585 52 2.830103756
공항철도 173 585 3.155130736
공항철도 97 173 9.255694767
공항철도 43 97 6.054320312
공항철도 34 43 5.65066201
공항철도 544 34 4.667962761
공항철도 425 544 10.58413794
공항철도 452 425 3.465230441
공항철도 55 452 4.283513377
공항철도 483 55 2.503764635
분당선 292 442 3.380757384
분당선 394 292 2.987655167
분당선 17 394 1.841327184
분당선 306 17 1.166861919
분당선 302 306 1.401342391
분당선 579 302 1.589662514
분당선 141 579 1.034112211
분당선 69 141 0.8788048525
분당선 26 69 1.120082786
분당선 130 26 1.025572633
분당선 333 130 4.233804047
분당선 236 333 4.725608435
분당선 10 236 3.866154989
분당선 561 10 1.554883259
분당선 200 561 1.436061654
분당선 397 200 3.776914634
분당선 476 397 2.719963143
분당선 295 476 2.089782607
분당선 329 295 1.79186375
분당선 507 329 2.239417091
분당선 209 507 3.064333554
분당선 430 209 1.848697685
분당선 517 430 2.726449209
분당선 234 517 2.166915586
분당선 73 234 2.51156791
분당선 348 73 2.457454598
분당선 92 348 2.003149606
분당선 268 92 2.689631437
분당선 546 268 4.313009833
분당선 426 546 1.791853203
분당선 190 426 2.26821951
분당선 193 190 2.716944747
분당선 335 193 2.17098753
분당선 191 335 2.254647618
분당선 334 191 2.269538128
서해선 319 318 2.20386683
서해선 346 319 2.84841149
서해선 374 346 1.831471149
서해선 379 374 4.490059525
서해선 347 379 4.776948805
서해선 345 347 1.812170949
서해선 121 345 3.206439831
서해선 304 121 2.174756203
서해선 550 304 2.258570426
서해선 455 550 1.834226485
서해선 458 455 1.893481254
수인선 122 435 3.376683159
수인선 463 122 2.288693301
수인선 317 463 2.190844857
수인선 484 317 1.640719972
수인선 584 484 2.065084709
수인선 103 584 2.292672781
수인선 459 103 1.477075981
수인선 419 459 1.586587764
수인선 324 419 3.724889593
수인선 489 324 3.924636421
수인선 341 489 2.846197629
수인선 377 341 2.607236476
수인선 481 377 1.805571066
신분당선 401 16 1.862742157
신분당선 402 401 1.911472598
신분당선 541 402 3.521483831
신분당선 565 541 9.072369224
신분당선 507 565 3.681322178
신분당선 209 507 2.249609951
신분당선 167 209 1.725132014
신분당선 337 167 2.182243033
신분당선 309 337 2.001554626
신분당선 279 309 2.363450723
신분당선 59 279 2.230002426
신분당선 58 59 1.931976433
에버라인 18 92 1.800023962
에버라인 526 18 1.549229161
에버라인 411 526 1.447660615
에버라인 161 411 1.716748942
에버라인 548 161 1.828930659
에버라인 259 548 3.680973258
에버라인 344 259 1.620089826
에버라인 198 344 1.767627801
에버라인 95 198 1.259169336
에버라인 451 95 1.540875349
에버라인 48 451 1.495349627
에버라인 235 48 2.690109065
에버라인 170 235 1.658350021
에버라인 502 170 3.500258982
우이신설 321 251 1.400331231
우이신설 0 321 1.25434761
우이신설 5 0 1.662397774
우이신설 587 5 1.475930373
우이신설 266 587 1.41929255
우이신설 267 266 1.169404483
우이신설 322 267 1.101233448
우이신설 250 322 1.808114941
우이신설 503 250 2.039703243
우이신설 311 503 2.028154634
우이신설 232 311 1.521409494
우이신설 365 232 2.16422577
의정부경전철 594 215 1.06038811
의정부경전철 228 594 0.9707459862
의정부경전철 40 228 1.734507896
의정부경전철 473 40 1.439086643
의정부경전철 599 473 0.9067730373
의정부경전철 474 599 2.037283943
의정부경전철 164 474 1.24216785
의정부경전철 280 164 1.312820922
의정부경전철 36 280 1.32522562
의정부경전철 596 36 1.12574865
의정부경전철 50 596 1.324744306
의정부경전철 409 50 1.5887524
의정부경전철 325 409 1.184992075
의정부경전철 558 325 0.7998522813
인천1호선 85 43 1.537197726
인천1호선 212 85 2.615647312
인천1호선 492 212 2.045899391
인천1호선 42 492 1.74450773
인천1호선 39 42 1.369358278
인천1호선 493 39 1.57954465
인천1호선 15 493 2.68722261
인천1호선 247 15 1.828978107
인천1호선 249 247 2.049056555
인천1호선 246 249 1.860489165
인천1호선 162 246 1.361870983
인천1호선 248 162 2.029526424
인천1호선 13 248 2.199834031
인천1호선 487 13 2.174294579
인천1호선 427 487 1.645667308
인천1호선 488 427 1.446328729
인천1호선 208 488 1.530450684
인천1호선 307 208 1.683977665
인천1호선 366 307 1.940706715
인천1호선 459 366 1.526741543
인천1호선 168 459 1.908497483
인천1호선 159 168 1.802490923
인천1호선 556 159 2.859556058
인천1호선 562 556 1.4281618
인천1호선 527 562 1.980642876
인천1호선 486 527 1.807705407
인천1호선 316 486 1.631289345
인천1호선 78 316 1.568190301
인천2호선 441 32 2.304867178
인천2호선 31 441 2.478164478
인천2호선 182 31 1.673540427
인천2호선 440 182 1.266605513
인천2호선 152 440 1.498203896
인천2호선 34 152 3.034924633
인천2호선 33 34 1.551332517
인천2호선 384 33 1.819894916
인천2호선 284 384 1.492144961
인천2호선 7 284 3.582796378
인천2호선 8 7 1.433216691
인천2호선 297 8 1.806132371
인천2호선 287 297 1.332192395
인천2호선 482 287 1.992535344
인천2호선 6 482 1.627830479
인천2호선 515 6 2.001669537
인천2호선 514 515 1.651767337
인천2호선 342 514 1.25226085
인천2호선 298 342 1.698723225
인천2호선 487 298 1.43543426
인천2호선 300 487 1.160567926
인천2호선 201 300 1.397249991
인천2호선 186 201 1.911330314
인천2호선 102 186 1.455885339
인천2호선 485 102 2.335432192
인천2호선 453 485 1.954299206